25
1252 634
255
255
0
0
0
255
255
255
159 142
255
255
255
255
0
0
0
255
359 633
0
0
0
0
0
0
0
0
110 487
0
0
0
0
0
0
0
0
1460 487
0
0
0
0
0
0
0
0
1251 466
0
0
0
0
0
0
0
0
359 466
0
0
0
0
0
0
0
0
1460 612
0
0
0
0
0
0
0
0
110 612
0
0
0
0
0
0
0
0
1451 957
0
0
255
255
255
255
255
255
159 957
0
255
255
255
255
255
255
0
1451 142
255
255
255
0
0
255
255
255
808 432
255
255
255
255
0
0
0
255
802 662
255
255
0
0
0
255
255
255
221 436
0
0
0
255
255
255
255
255
1451 797
0
0
0
255
255
255
255
255
159 792
255
255
255
255
0
0
0
255
354 792
255
255
0
0
0
255
255
255
1253 795
255
255
255
255
0
0
0
255
159 302
255
255
255
255
0
0
0
255
1451 302
255
255
0
0
0
255
255
255
357 303
0
0
0
255
255
255
255
255
1253 303
0
255
255
255
255
255
0
0
802 981
255
255
0
0
0
255
255
255
802 118
0
0
0
255
255
255
255
255
