25
130 486
3
21
2
125
124
124
1
21
130 613
93
93
1
6
28
8
1
93
1469 613
95
95
1
6
30
15
1
95
1469 486
1
35
3
133
132
133
2
11
802 437
5
37
31
59
63
71
69
67
802 662
54
49
28
49
15
58
60
63
159 302
136
141
132
130
1
1
1
135
1451 302
116
114
11
12
0
105
105
121
358 303
4
33
24
90
90
90
81
80
1253 303
8
30
35
127
127
127
1
7
159 147
38
104
108
115
102
93
15
37
159 792
82
84
78
72
69
69
1
82
1451 792
64
64
6
64
54
50
57
66
1253 796
92
99
33
17
21
20
0
93
159 952
132
135
125
121
36
36
22
131
1451 140
13
12
13
12
0
117
117
117
1451 952
104
101
25
36
25
89
92
106
221 436
2
9
8
102
104
120
92
92
221 663
103
101
9
19
10
86
89
116
359 468
0
83
82
82
0
9
9
9
802 981
59
58
26
71
30
57
61
63
1252 631
0
93
92
92
1
36
36
36
802 118
14
53
33
70
72
73
71
69
359 631
1
83
83
83
0
9
9
9
1252 467
1
90
91
91
1
37
37
37
